ii: 1 
0 6514.58 
0 0 
0 0 
1 0 
1 0 
1 0 

ii: 1 
0 0 
0 0 
0 0 
1 0 
1 0 
1 0 
ii: 1 
0 6861.55 
0 0 
0 0 
1 0 
1 0 
1 0 
ii: 1 
0 6514.58 
0 0 
0 0 
1 0 
1 0 
1 0 
ii: 1 
0 6514.58 
0 0 
0 0 
1 0 
1 0 
1 0 
ii: 1 
0 6514.58 
ii: 1 
0 6540.64 
0 0 
ii: 1 
0 6514.58 
0 0 
0 0 
1 0 
1 0 
1 0 
ii: 1 
0 0 
0 0 
0 0 
1 0 
1 0 
1 0 
ii: 1 
0 0 
0 0 
0 0 
1 0 
1 0 
1 0 
ii: 1 
0 0 
0 0 
0 0 
1 0 
1 0 
1 0 
ii: 1 
0 7246.48 
0 0 
0 0 
1 7246.48 
1 0 
1 0 
ii: 1 
0 2761.83 
0 2360.45 
0 0 
1 2761.83 
1 2761.83 
1 2761.64 
ii: 1 (channel 3, MCS 12)
0 11031.8 
0 0 
0 0 
1 0 
1 0 
1 0 
ii: 1 
0 6530.85 
0 0 
0 0 
1 0 
1 0 
1 0 
ii: 1 (MCS_14)
0 4137.16 2.0019 
0 0 4.54402 
0 0 6.48472 
1 0 1.98937 
1 0 4.0539 
1 0 6.27229 
