3.35494 6.37987 1.34272
6.70987 4.7597 1.30242
10.0648 3.13952 0.915672
3.09728 4.70924 1.3282
6.40491 2.30224 0.970415
2.88597 2.76269 1.0595
9.60737 7.45336 1.19312
6.0883 7.91381 1.2822
2.56936 0.374267 1.37128
0.295159 6.4422 0.433419
1.26688 4.13989 0.907599
2.23874 1.83758 1.13977
3.21046 7.53526 1.61395
0.956422 5.36661 1.54613
4.81574 1.16666 1.31891 
5.74798 4.67449 1.44054
4.27224 2.56105 1.51203
2.7965 0.447606 1.46252
1.32089 6.33417 0.434014
5.33409 6.88843 1.08188
6.89392 3.22385 1.35195
8.45362 7.55926 1.50102
11.7198 2.61958 0.498266
5.39718 2.22151 0.646569
6.02378 7.47018 0.852131

