13.6775 3.18993 0.99436
17.0325 1.56976 0.71207
20.3874 7.94959 0.671779
23.7423 6.32942 1.61049
13.4197 1.51935 0.979849
16.6454 6.53249 0.893952
13.1264 6.99294 0.983033
23.3669 3.22315 1.14858
19.8084 7.45633 0.481809
14.3396 0.182513 1.24511
19.4362 1.95377 0.988538
20.4079 7.65146 1.22071
19.0294 7.69544 0.797135
23.3233 0.744516 1.30124
15.1703 5.55263 0.489453
22.8759 2.00436 0.771708
14.2873 2.90787 1.059
21.9929 7.35964 1.45418
13.4043 0.263152 1.50754
12.5214 5.61839 0.856087
18.4858 5.73121 0.733799
15.5344 1.50433 0.876778
14.0588 7.39089 1.06926
12.583 5.27745 1.14076
21.9334 2.36101 0.972022
